CACHE type 5 produced by analog 6.0/Unix. Do not modify or delete!
T	0	0	1089	395	25	140	35337354
D	28358361	28368373
19693	88	30	9	18064
19693	89	12	2	10714
19693	90	6	2	4985
19693	91	3	2	1032
19693	92	9	2	9559
19693	94	1	1	1253
19693	95	1	0	0
19693	107	1	1	34481
19693	109	13	1	1144612
19693	124	1	1	5979
19693	126	1	1	5981
19693	132	1	1	5980
19693	194	1	1	5977
19693	223	13	1	147569
19693	235	13	1	1144624
19693	278	4	2	14483
19693	287	4	2	5978
19694	1	5	0	2579
19694	25	2	1	5975
19694	27	4	2	5976
19694	40	2	1	5980
19694	48	5	2	70156
19694	52	10	0	5158
19694	53	1	1	5975
19694	73	1	1	5978
19694	78	1	1	5977
19694	88	2	1	6001
19694	96	9	3	107019
19694	98	13	1	1144624
19694	105	3	1	6170
19694	108	1	1	5979
19694	116	1	0	0
19694	124	1	1	5978
19694	127	1	1	5977
19694	134	1	1	34495
19694	138	1	1	5979
19694	143	1	1	5977
19694	154	3	2	7241
19694	156	1	1	5977
19694	158	1	1	34483
19694	162	1	1	34483
19694	163	1	1	34483
19694	164	2	2	40462
19694	167	2	2	40462
19694	175	1	1	34483
19694	176	1	1	5979
19694	178	42	10	440429
19694	179	1	0	34494
19694	180	3	1	74972
19694	181	3	2	96489
19694	182	7	0	1463330
19694	188	14	1	1144625
19694	198	10	3	107019
19694	210	1	1	5976
19694	216	2	2	11956
19694	226	1	1	5975
19694	229	1	1	34483
19694	234	19	4	1162755
19694	235	19	1	1149212
19694	237	41	9	434451
19694	241	2	2	34483
19694	249	1	1	34483
19694	250	1	1	34483
19694	252	1	1	5977
19694	257	1	1	34483
19694	272	2	1	5978
19694	276	61	13	2164231
19694	277	4	0	137986
19694	284	4	0	0
19694	285	1	1	34483
19694	286	2	2	11957
19695	0	1	1	5977
19695	7	2	1	5976
19695	8	1	1	5981
19695	16	1	1	5977
19695	18	1	1	5974
19695	21	1	1	5977
19695	24	2	2	11954
19695	25	1	1	5978
19695	37	1	1	34483
19695	43	1	1	34483
19695	46	1	1	5980
19695	51	1	1	34483
19695	52	14	1	1144623
19695	56	1	1	5980
19695	70	1	1	5979
19695	71	1	1	34483
19695	84	5	4	80931
19695	96	10	3	107019
19695	103	1	1	5979
19695	104	1	1	34483
19695	106	13	1	1144622
19695	111	1	1	34483
19695	112	1	1	34483
19695	116	3	2	11959
19695	126	1	1	34483
19695	144	1	1	5980
19695	149	4	2	5979
19695	160	1	1	5978
19695	162	1	1	5979
19695	166	1	1	34483
19695	169	1	1	0
19695	170	3	2	13220
19695	178	1	1	5977
19695	180	1	1	5980
19695	184	6	1	37062
19695	189	1	1	34483
19695	209	1	1	5978
19695	216	1	1	5978
19695	217	1	1	34483
19695	234	2	1	6003
19695	235	1	1	34483
19695	240	1	1	5976
19695	241	1	1	5978
19695	245	2	2	11961
19695	246	2	1	5976
19695	252	1	1	5979
19695	268	1	1	5976
19695	269	2	1	5976
19695	270	2	1	5977
19695	277	1	1	34483
19695	285	28	3	2295688
19695	286	15	2	1150798
19696	0	1	1	5978
19696	1	1	1	5977
19696	4	1	1	34483
19696	10	4	0	0
19696	13	1	1	34483
19696	15	1	1	5978
19696	16	2	2	40459
19696	21	14	2	1179106
19696	24	1	1	5979
19696	30	1	1	34483
19696	41	1	1	5977
19696	44	1	1	5978
19696	45	2	1	5978
19696	53	1	1	5983
19696	59	1	1	34483
19696	62	1	1	34483
19696	69	1	1	5981
19696	73	5	1	7460
19696	86	1	1	34483
19696	98	1	1	34483
19696	101	1	1	5978
19696	102	2	1	5976
19696	105	13	1	1144621
19696	110	2	2	11956
19696	114	1	1	5977
19696	116	1	1	34483
19696	118	1	1	34483
19696	125	2	1	6001
19696	126	1	1	5978
19696	128	1	1	34483
19696	131	2	1	11677
19696	132	3	1	16179
19696	133	1	1	5980
19696	138	3	1	17370
19696	141	1	1	5977
19696	144	4	1	17967
19696	149	1	1	5977
19696	151	1	1	0
19696	156	1	1	5979
19696	160	1	1	5977
19696	180	1	1	5984
19696	186	1	1	5977
19696	196	12	4	142444
19696	210	1	1	5979
19696	213	1	1	5976
19696	216	1	1	5980
19696	219	3	2	11956
19696	228	2	2	40461
19696	230	14	2	1150598
19696	240	2	2	11959
19696	252	1	1	5984
19696	258	1	1	34453
19696	277	4	0	0
19696	278	1	1	34453
19697	0	1	1	5984
19697	1	1	1	0
19697	3	1	1	34453
19697	14	1	1	5984
19697	24	1	1	5983
19697	28	1	1	5984
19697	29	1	1	34453
19697	30	1	1	5984
19697	36	1	1	34453
19697	71	1	1	5987
19697	81	1	1	5985
19697	100	1	1	5984
19697	111	1	1	34453
19697	123	10	2	12696
19697	128	1	1	5983
19697	134	1	1	5989
19697	141	19	1	1173375
19697	142	1	1	5985
19697	143	3	2	12110
19697	144	2	2	11969
19697	145	1	1	0
19697	147	10	4	141382
19697	148	16	2	1150682
19697	150	13	1	1144628
19697	170	1	1	5982
19697	178	1	1	5984
19697	180	1	1	5982
19697	205	1	1	5981
19697	210	1	1	5983
19697	216	1	1	5984
19697	218	1	1	5983
19697	224	1	1	34453
19697	231	1	1	5988
19697	242	1	1	34453
19697	243	1	1	34453
19697	246	1	1	5984
19697	250	2	1	5986
19697	252	1	1	5985
19697	266	1	1	5987
19697	285	13	1	1144630
19697	287	13	1	1144628
19698	0	1	1	5983
19698	2	37	4	40811
19698	8	32	2	30627
19698	11	4	0	0
19698	15	2	2	40437
19698	24	1	1	5981
19698	31	9	3	308599
19698	33	8	4	24564
19698	36	1	1	34453
19698	40	1	1	5988
19698	43	1	1	5986
19698	45	1	1	5989
19698	46	4	0	17931
19698	47	1	1	6126
19698	49	1	1	34453
19698	50	2	0	10596
19698	60	1	1	5986
19698	65	3	0	15599
19698	70	1	1	5983
19698	73	1	0	6298
19698	77	2	0	11008
19698	93	1	1	34453
19698	101	1	1	34453
19698	109	1	1	5982
19698	116	1	1	34453
19698	120	1	1	34453
19698	124	1	1	34453
19698	125	1	1	34453
19698	146	1	1	5984
19698	158	1	1	5987
19698	161	1	1	5984
19698	180	2	1	5988
19698	181	3	3	17955
19698	192	1	1	5985
19698	207	1	1	5982
19698	217	1	1	5984
19698	228	1	1	5983
19698	235	14	2	1150615
19698	237	23	5	1436856
19698	239	1	1	5984
19698	241	1	1	34453
19698	247	1	1	5986
19698	254	1	1	5984
19698	256	1	1	5984
19698	259	1	1	5984
19698	265	1	1	5984
19698	269	3	2	14169
19698	280	4	0	0
19699	0	1	1	5983
19699	1	1	1	5985
19699	4	1	1	5983
19699	14	1	1	5981
19699	15	1	1	34453
19699	19	1	1	5986
19699	23	1	1	5985
19699	24	1	1	5984
19699	31	1	1	34453
19699	35	1	1	5984
19699	36	1	1	5984
19699	71	2	1	5984
19699	72	1	1	5986
19699	80	1	1	34453
19699	81	1	1	5984
19699	83	1	1	34453
19699	90	1	1	5985
19699	94	1	1	5984
19699	144	1	1	5985
19699	161	4	1	18498
19699	177	1	1	5984
19699	181	1	1	5983
19699	186	13	1	1144630
19699	192	1	1	5983
19699	195	3	1	6178
19699	197	1	1	5984
19699	216	1	1	5984
19699	237	1	1	5984
19699	253	1	1	5983
19699	279	1	1	5984
19699	282	1	1	34453
19700	1	1	1	5985
19700	2	1	1	5984
19700	13	1	1	34453
19700	19	1	1	5983
19700	25	1	1	5986
19700	29	1	1	5983
19700	64	1	1	5984
19700	74	1	1	5983
1	0	0	0	1	0	0	28358363	0	0	28358363	0	/debug/default/view?panel=config
1	0	0	0	1	0	0	28362071	0	0	28362071	0	/cms/wp-admin/install.php
1	0	0	0	1	0	0	28367898	0	0	28367898	0	/search/www.drou.cn
1	0	0	0	2	0	0	28358375	0	0	28358375	0	/favicon.png
1	38	0	0	0	28367491	0	0	28358468	0	0	16800	/instanew.svg
1	1	0	0	0	28364388	0	0	28364388	0	0	4911	/search?_token=OPqnOUfltUJcRbG7NNAqsQaZfEwnqXOVOxaNHcfo&skill=Wasiq&location=
1	0	0	0	1	0	0	28366317	0	0	28366317	0	/license.txt
1	0	0	0	2	0	0	28366317	0	0	28362027	0	/wordpress
1	0	0	0	9	0	0	28366468	0	0	28360251	0	/signup.html
1	1	0	0	0	28358361	0	0	28358361	0	0	64	/.well-known/acme-challenge/E81Z_X2XLSO2BPEUOSTWWFY2X-CWMLG0
1	0	0	0	1	0	0	28362736	0	0	28362736	0	/backup/wp-admin/setup-config.php
1	0	0	0	1	0	0	28362488	0	0	28362488	0	/wp/xmlrpc.php
1	1	0	0	0	28358361	0	0	28358361	0	0	64	/.well-known/acme-challenge/2X017GG9VB61E62GEN2C192GZ0BPF1W8
1	0	0	0	2	0	0	28362736	0	0	28362070	0	/wp/wp-admin/install.php
1	0	0	1	0	0	28364350	0	0	28364350	0	0	/wp-content/
1	0	0	0	1	0	0	28362801	0	0	28362801	0	/main.js
1	13	0	0	0	28366306	0	0	28360251	0	0	264375	/sortbyjoin?page=2
1	11	0	0	0	28365506	0	0	28360251	0	0	219403	/sortbyjoin?page=1
1	0	0	0	1	0	0	28362736	0	0	28362736	0	/old/wp-admin/setup-config.php
1	0	0	0	2	0	0	28364350	0	0	28358363	0	/.env
1	0	0	0	1	0	0	28362071	0	0	28362071	0	/site/wp-admin/install.php
1	1	0	0	0	28358361	0	0	28358361	0	0	64	/.well-known/acme-challenge/TKAEQ64_Z01ATATPV1LO5CLPRGZ0T30O
1	0	0	0	3	0	0	28367545	0	0	28364321	0	/wp-admin/setup-config.php?step=1&language=en_GB
1	0	0	0	2	0	0	28362736	0	0	28362070	0	/old/wp-admin/install.php
1	0	0	0	1	0	0	28358363	0	0	28358363	0	/config.json
1	36	0	0	0	28367491	0	0	28358468	0	0	25959	/signup.css
1	0	0	0	8	0	0	28366306	0	0	28360251	0	/login.html
1	0	0	0	1	0	0	28358363	0	0	28358363	0	/about
1	0	0	0	1	0	0	28362070	0	0	28362070	0	/new/wp-admin/install.php
1	34	0	0	0	28367491	0	0	28358468	0	0	10199	/crossicon.png
1	0	0	0	2	0	0	28362736	0	0	28362071	0	/backup/wp-admin/install.php
1	0	0	0	1	0	0	28362071	0	0	28362071	0	/oldsite/wp-admin/install.php
1	2	0	1	0	28365507	28364423	0	28365448	28364423	0	9702	/login
1	0	0	0	1	0	0	28361720	0	0	28361720	0	/wp-admin/setup-config.php?step=1
1	38	0	0	0	28367491	0	0	28358468	0	0	33740	/twitternew.svg
1	0	0	0	2	0	0	28362736	0	0	28362070	0	/wp-admin/install.php
1	1	1	0	0	28358369	0	0	28358369	0	0	621	/?65.154.226.169
1	0	0	0	1	0	0	28358363	0	0	28358363	0	/.vscode/sftp.json
1	0	0	0	1	0	0	28361720	0	0	28361720	0	/OLD/wp-admin/setup-config.php?step=1
1	38	0	0	0	28367491	0	0	28358468	0	0	37949	/personaldetailsform.css
1	0	0	0	1	0	0	28362736	0	0	28362736	0	/wp/wp-admin/setup-config.php
1	0	0	0	1	0	0	28361720	0	0	28361720	0	/blog/wp-admin/setup-config.php?step=1
1	0	0	0	1	0	0	28358363	0	0	28358363	0	/ecp/Current/exporttool/microsoft.exchange.ediscovery.exporttool.application
1	7	0	0	0	28358383	0	0	28358363	0	0	9009	/_autoindex/assets/css/autoindex.css
1	18	0	0	0	28367365	0	0	28360251	0	0	342538	/sortbyrelevance
1	1	0	0	0	28358361	0	0	28358361	0	0	64	/.well-known/acme-challenge/SE14APPHJ0RA8DXVLJCAVP7_I4JZNZXG
1	0	0	0	1	0	0	28362027	0	0	28362027	0	/new
1	0	0	0	1	0	0	28358363	0	0	28358363	0	/cgi-bin/
1	0	0	0	2	0	0	28362736	0	0	28362071	0	/test/wp-admin/install.php
1	0	0	0	1	0	0	28362736	0	0	28362736	0	/demo/wp-admin/setup-config.php
1	53	0	0	0	28367491	0	0	28358468	0	0	35397	/fbnew.svg
1	0	0	2	0	0	28366317	0	0	28362027	0	0	/wordpress/
1	0	0	2	0	0	28366317	0	0	28362027	0	0	/wp/
1	0	0	2	0	0	28366317	0	0	28362028	0	0	/backup/
1	0	0	0	1	0	0	28362488	0	0	28362488	0	/xmlrpc.php
1	12	0	0	0	28366306	0	0	28360251	0	0	233012	/sortbyrelevance?page=2
1	17	0	0	0	28367365	0	0	28360251	0	0	335565	/sortbyjoin
1	11	0	0	0	28365486	0	0	28360251	0	0	219694	/sortbyrelevance?page=1
1	1	0	0	0	28358361	0	0	28358361	0	0	64	/.well-known/acme-challenge/F12R3ON3T5DFRMBOOMGX6ZYU-USM31D6
1	1	0	0	0	28358361	0	0	28358361	0	0	64	/.well-known/acme-challenge/6TC76O2DDQA57L3G4UI-W2O77OK95R99
1	37	0	0	0	28367491	0	0	28358468	0	0	17392	/login.css
1	0	0	0	1	0	0	28361676	0	0	28361676	0	/wp-admin/install.php?step=1
1	0	0	0	5	0	0	28366524	0	0	28360780	0	/3ds1633693954432212
1	0	0	0	1	0	0	28358363	0	0	28358363	0	/.git/config
1	0	0	0	1	0	0	28364350	0	0	28364350	0	/wp-content
1	0	0	2	0	0	28366317	0	0	28362027	0	0	/old/
1	0	0	0	3	0	0	28367545	0	0	28364321	0	/wp-admin/install.php?step=1&language=en_GB
1	0	0	0	2	0	0	28366317	0	0	28362027	0	/wp
1	0	0	0	1	0	0	28366306	0	0	28366306	0	/security.txt
1	1	1	0	0	28358363	0	0	28358363	0	0	621	/?rest_route=/wp/v2/users/
1	0	0	0	1	0	0	28358363	0	0	28358363	0	/_all_dbs
1	0	0	1	0	0	28365588	0	0	28365588	0	0	/auth/google
1	30	0	0	0	28367491	0	0	28358468	0	0	27700448	/Continuous-Pattern-Repeat-1024x731.jpg
1	1	0	0	0	28364388	0	0	28364388	0	0	6122	/search?_token=OPqnOUfltUJcRbG7NNAqsQaZfEwnqXOVOxaNHcfo&skill=&location=
1	0	0	0	1	0	0	28358363	0	0	28358363	0	/v2/_catalog
1	36	0	0	0	28367491	0	0	28358468	0	0	39180	/profile.css
1	59	0	0	2	28367536	0	28358375	28358395	0	28358375	0	/favicon.ico
1	15	0	0	0	28367365	0	0	28359800	0	0	360	/robots.txt
1	42	0	0	0	28367491	0	0	28358468	0	0	48257	/app.js
1	0	0	0	7	0	0	28365369	0	0	28360251	0	/profile.html
1	1	0	0	0	28358361	0	0	28358361	0	0	64	/.well-known/acme-challenge/96PTUB7FNURZ532BPOGE1LO8V8CHC30X
1	0	0	0	1	0	0	28366306	0	0	28366306	0	/.well-known/security.txt
1	0	0	0	1	0	0	28362028	0	0	28362028	0	/test
1	3	3	0	0	28367284	0	0	28364180	0	0	46422	/?51.254.199.11
1	0	0	0	1	0	0	28362736	0	0	28362736	0	/wp-admin/setup-config.php
1	0	0	0	1	0	0	28362488	0	0	28362488	0	/old/xmlrpc.php
1	0	0	0	5	0	0	28366523	0	0	28360780	0	/merchant/z/payment?order=1
1	1	0	0	0	28364388	0	0	28364388	0	0	6196	/search?page=2
1	0	0	0	2	0	0	28366317	0	0	28362028	0	/backup
1	0	0	0	1	0	0	28362736	0	0	28362736	0	/wordpress/wp-admin/setup-config.php
1	3	0	0	0	28358361	0	0	28358361	0	0	261	/.well-known/acme-challenge/goiRsFKZK-lxhqDviDTZyUyiR_zAnb5d6mWVVkyIvCg
1	8	0	0	0	28358383	0	0	28358363	0	0	2884	/_autoindex/assets/js/tablesort.number.js
1	0	0	1	0	0	28362027	0	0	28362027	0	0	/test/
1	0	0	0	3	0	0	28366306	0	0	28359800	0	/ads.txt
1	0	0	0	1	0	0	28358363	0	0	28358363	0	/login.action
1	0	0	5	0	0	28366523	0	0	28360780	0	0	/merchant/z/payment/?order=1
1	55	0	0	0	28367536	0	0	28358468	0	0	10748	/logo.svg
1	0	0	1	0	0	28362028	0	0	28362028	0	0	/temp/
1	0	0	0	1	0	0	28366317	0	0	28366317	0	/readme.html
1	0	0	0	1	0	0	28358363	0	0	28358363	0	/server-status
1	1	0	0	0	28358361	0	0	28358361	0	0	64	/.well-known/acme-challenge/FIDH4HF4OPGKUPLIZBJXG0J4F7EP_5K8
1	359	359	0	2	28368373	0	28358401	28358362	0	28358395	4760676	/
1	0	0	0	2	0	0	28362569	0	0	28361720	0	/wordpress/wp-admin/setup-config.php?step=1
1	0	0	0	1	0	0	28362071	0	0	28362071	0	/web/wp-admin/install.php
1	0	0	0	1	0	0	28361720	0	0	28361720	0	/wp/wp-admin/setup-config.php?step=1
1	0	0	0	1	0	0	28361720	0	0	28361720	0	/backup/wp-admin/setup-config.php?step=1
1	0	0	0	2	0	0	28366306	0	0	28362605	0	/sitemap.xml
1	0	0	0	2	0	0	28362736	0	0	28362071	0	/wordpress/wp-admin/install.php
1	3	3	0	0	28362734	0	0	28359841	0	0	103449	/?34.97.21.248
1	1	0	0	0	28364388	0	0	28364388	0	0	5215	/search?_token=OPqnOUfltUJcRbG7NNAqsQaZfEwnqXOVOxaNHcfo&skill=&location=Sydney
1	0	0	0	2	0	0	28366317	0	0	28362027	0	/old
1	36	0	0	0	28367491	0	0	28358468	0	0	40101	/index.css
1	0	0	0	1	0	0	28362736	0	0	28362736	0	/demo/wp-admin/install.php
1	0	0	0	5	0	0	28366524	0	0	28360780	0	/merchant/code
1	0	0	1	0	0	28362027	0	0	28362027	0	0	/blog/
1	0	0	0	2	0	0	28366306	0	0	28359800	0	/humans.txt
1	0	0	1	0	0	28362027	0	0	28362027	0	0	/new/
1	0	0	0	1	0	0	28358363	0	0	28358363	0	/.DS_Store
1	0	0	0	1	0	0	28362736	0	0	28362736	0	/blog/wp-admin/setup-config.php
1	0	0	0	1	0	0	28362028	0	0	28362028	0	/temp
1	3	0	0	0	28366468	0	0	28365372	0	0	13649	/register
1	0	0	0	1	0	0	28362736	0	0	28362736	0	/test/wp-admin/setup-config.php
1	0	0	0	1	0	0	28362488	0	0	28362488	0	/new/xmlrpc.php
1	0	0	0	1	0	0	28362027	0	0	28362027	0	/blog
1	0	0	0	5	0	0	28366523	0	0	28360781	0	/3ds.php
1	0	0	0	1	0	0	28358363	0	0	28358363	0	/telescope/requests
1	0	0	0	1	0	0	28361720	0	0	28361720	0	/old/wp-admin/setup-config.php?step=1
1	0	0	5	0	0	28367680	0	0	28360968	0	0	/wp-login.php
1	17	17	0	0	28366306	0	0	28360251	0	0	308407	/?page=2
1	11	11	0	0	28366306	0	0	28360251	0	0	247321	/?page=1
1	9	0	0	0	28358383	0	0	28358363	0	0	3621	/_autoindex/assets/icons/folder-fill.svg
1	8	0	0	0	28358383	0	0	28358363	0	0	18237	/_autoindex/assets/js/tablesort.js
1	0	0	0	2	0	0	28362736	0	0	28362071	0	/blog/wp-admin/install.php
1	0	0	0	1	0	0	28362488	0	0	28362488	0	/wordpress/xmlrpc.php
1	13	0	0	0	28366306	0	0	28360251	0	0	158401	/forgot-password
1	0	0	0	1	0	0	28358363	0	0	28358363	0	/s/439313e23343e21333e24363/_/
3	8	7	0	0	28364402	0	0	28360251	0	0	109434	http://mysi7e.com/?page=2
3	51	0	0	0	28366306	0	0	28365131	0	0	35345	http://www.mysi7e.com/
3	7	0	0	0	28364388	0	0	28360251	0	0	98248	http://mysi7e.com/sortbyrelevance
3	1	1	0	0	28365470	0	0	28365470	0	0	5983	http://duckduckgo.com/
3	6	0	0	0	28360743	0	0	28360251	0	0	103482	http://mysi7e.com/sortbyjoin?page=2
3	1	0	0	0	28364388	0	0	28364388	0	0	6196	http://mysi7e.com/search?_token=OPqnOUfltUJcRbG7NNAqsQaZfEwnqXOVOxaNHcfo&skill=&location=
3	1	0	0	0	28364388	0	0	28364388	0	0	6122	http://mysi7e.com/search?_token=OPqnOUfltUJcRbG7NNAqsQaZfEwnqXOVOxaNHcfo&skill=Wasiq&location=
3	0	0	0	9	0	0	28360743	0	0	28360251	0	http://mysi7e.com/forgot-password
3	22	0	0	0	28367491	0	0	28358468	0	0	23877024	http://mysi7e.com/profile.css
3	396	31	1	1	28367491	28364423	28366468	28358363	28364423	28366468	1348021	http://mysi7e.com/
3	5	0	0	0	28364420	0	0	28359601	0	0	0	http://mysi7e.com/favicon.ico
3	17	0	0	0	28364419	0	0	28359601	0	0	16014	http://mysi7e.com/./fbnew.svg
3	16	0	0	0	28364419	0	0	28359601	0	0	3968	http://mysi7e.com/./logo.svg
3	1	0	0	0	28366306	0	0	28366306	0	0	1130640	http://www.mysi7e.com/profile.css
3	6	0	0	0	28360743	0	0	28360251	0	0	93018	http://mysi7e.com/sortbyjoin
3	6	0	0	0	28360743	0	0	28360251	0	0	103497	http://mysi7e.com/sortbyrelevance?page=2
3	1	0	0	0	28364388	0	0	28364388	0	0	4911	http://mysi7e.com/search?_token=OPqnOUfltUJcRbG7NNAqsQaZfEwnqXOVOxaNHcfo&skill=&location=Sydney
3	3	0	0	0	28360743	0	0	28360251	0	0	0	http://mysi7e.com/index.css
4	9	3	0	0	28365276	0	0	28365275	0	0	308599	Mozilla/5.0 (Windows NT 10.0; Win64; x64; rv:65.0) Gecko/20100101 Firefox/65.0
4	1	0	0	0	28359887	0	0	28359887	0	0	0	Mozilla/5.0 (Windows NT 10.0; rv:114.0) Gecko/20100101 Firefox/114.0
4	112	100	1	3	28368373	28365588	28365371	28359902	28365588	28365369	659732	Mozilla/5.0 (iPhone; CPU iPhone OS 13_2_3 like Mac OS X) AppleWebKit/605.1.15 (KHTML, like Gecko) Version/13.0.3 Mobile/15E148 Safari/604.1
4	2	2	0	0	28358459	0	0	28358392	0	0	35734	Mozilla/5.0 (Windows NT 10.0; WOW64) AppleWebKit/537.36 (KHTML, like Gecko) Chrome/102.0.5005.63 Safari/537.36
4	1	1	0	0	28361722	0	0	28361722	0	0	34483	Mozilla/5.0 (Windows; U; Windows NT 5.1; ru; rv:1.9.0.1) Gecko/2008070208
4	1	1	0	0	28362309	0	0	28362309	0	0	34483	Mozilla/5.0 Firefox/35.0
4	2	2	0	0	28361650	0	0	28360130	0	0	11957	Mozilla/5.0 (Windows NT 10.0; Win64; x64) AppleWebKit/537.36 (KHTML, like Gecko) Chrome/112.0.0.0 Safari/537.36
4	0	0	1	0	0	28362488	0	0	28362488	0	0	Mozilla/5.0 (Macintosh; Intel Mac OS X 10_15_6) AppleWebKit/537.36 (KHTML, like Gecko) Chrome/84.0.4147.125 Safari/537.36
4	4	2	0	0	28360837	0	0	28360531	0	0	11954	Mozilla/5.0 (Macintosh; Intel Mac OS X 10_9_3) AppleWebKit/537.36 (KHTML, like Gecko) Chrome/35.0.1916.47 Safari/537.36
4	0	0	0	1	0	0	28362605	0	0	28362605	0	Mozilla/5.0 (X11; Linux x86_64) AppleWebKit/572.41 (KHTML, like Gecko) Chrome/91.0.1892 Safari/537.36
4	15	15	0	0	28365704	0	0	28360154	0	0	517155	Mozilla/5.0 (Windows NT 10.0; Win64; x64) AppleWebKit/537.36 (KHTML, like Gecko) Chrome/95.0.4638.69 Safari/537.36
4	0	0	0	1	0	0	28362488	0	0	28362488	0	Mozilla/5.0 (Windows NT 10.0; Win64; x64; rv:77.0) Gecko/20100101 Firefox/77.0
4	1	1	0	0	28360414	0	0	28360414	0	0	5976	Mozilla/5.0 (Macintosh; Intel Mac OS X 10_15_5) AppleWebKit/537.36 (KHTML, like Gecko) Chrome/83.0.4103.97 Safari/537.36
4	1	1	0	0	28358554	0	0	28358554	0	0	5981	Mozilla/5.0 (Windows NT 6.3; Win64; x64) AppleWebKit/537.36 (KHTML, like Gecko) Chrome/37.0.2049.0 Safari/537.36
4	1	0	0	0	28362605	0	0	28362605	0	0	0	Mozilla/5.0 (Macintosh; Intel Mac OS X 8_1_1) AppleWebKit/564.55 (KHTML, like Gecko) Chrome/80.0.819 Safari/537.36
4	14	8	0	4	28361547	0	28358375	28358375	0	28358375	18554	Mozilla/5.0 (Macintosh; Intel Mac OS X 10_15_7) AppleWebKit/537.36 (KHTML, like Gecko) Chrome/107.0.0.0 Safari/537.36
4	2	1	0	0	28361974	0	0	28361973	0	0	6003	Mozilla/5.0 AppleWebKit/537.36 (KHTML, like Gecko; compatible; bingbot/2.0; +http://www.bing.com/bingbot.htm) Chrome/116.0.1938.76 Safari/537.36
4	0	0	0	7	0	0	28361720	0	0	28361720	0	Mozlila/5.0 (Linux; Android 7.0; SM-G892A Bulid/NRD90M; wv) AppleWebKit/537.36 (KHTML, like Gecko) Version/4.0 Chrome/60.0.3112.107 Moblie Safari/537.36
4	1	1	0	0	28360050	0	0	28360050	0	0	5979	Mozilla/5.0 (Macintosh; U; Intel Mac OS X 10_6_5; en-US) AppleWebKit/534.13 (KHTML, like Gecko) Chrome/9.0.597.15 Safari/534.13
4	0	0	0	1	0	0	28367898	0	0	28367898	0	Mozilla/5.0 (Linux; Android 7.0; DUK-AL20 Build/HUAWEIDUK-AL20; wv) AppleWebKit/537.36 (KHTML, like Gecko) Version/4.0 Chrome/48.0.2564.116 Mobile Safari/537.36 T7/9.3 baiduboxapp/9.3.5.11 (Baidu; P1 7.0)
4	1	1	0	0	28363308	0	0	28363308	0	0	5976	Mozilla/5.0 (X11; Linux x86_64; rv:60.9) Gecko/20100101 Goanna/4.1 Firefox/60.9 Basilisk/20190327
4	31	3	0	0	28365119	0	0	28358363	0	0	2294234	Mozilla/5.0 (Windows NT 10.0; Win64; x64) AppleWebKit/537.36 (KHTML, like Gecko) Chrome/117.0.5938.132 Safari/537.36
4	10	2	0	0	28364299	0	0	28364299	0	0	12696	CheckMarkNetwork/1.0 (+http://www.checkmarknetwork.com/spider.html)
4	4	1	0	0	28364420	0	0	28364419	0	0	35643	Mozilla/5.0 (Linux; Android 10; K) AppleWebKit/537.36 (KHTML, like Gecko) Chrome/117.0.0.0 Mobile Safari/537.36
4	1	1	0	0	28367033	0	0	28367033	0	0	5984	Mozilla/5.0 (Windows NT 6.7; Win64; x64) AppleWebKit/537.36 (KHTML, like Gecko) Chrome/77.0.3226.88 Safari/537.36
4	1	0	0	0	28365132	0	0	28365132	0	0	0	Googlebot-Image/1.0
4	1	1	0	0	28362187	0	0	28362187	0	0	34483	Mozilla/5.0 (X11; Linux x86_64) AppleWebKit/536.5 (KHTML, like Gecko) Chrome/19.0.1084.9 Safari/536.5
4	1	1	0	0	28360034	0	0	28360034	0	0	34495	Mozilla/5.0 (Windows NT 10.0; Win64; x64) AppleWebKit/537.36 (KHTML, like Gecko) Chrome/60.0.3112.113 Safari/537.36
4	0	0	0	12	0	0	28362071	0	0	28362070	0	Mozilla/5.0 (Macintosh; Intel Mac OS X 10_10_1) AppleWebKit/537.36 (KHTML, like Gecko) Chrome/39.0.2171.95 Safari/537.36
4	17	6	0	1	28364804	0	28362488	28360250	0	28362488	1801208	Mozilla/5.0 (Windows NT 10.0; Win64; x64) AppleWebKit/537.36 (KHTML, like Gecko) Chrome/80.0.3987.149 Safari/537.36
4	0	0	0	16	0	0	28362736	0	0	28362736	0	Mozilla/5.0 (X11; Linux x86_64; rv:109.0) Gecko/20100101 Firefox/117.0
4	3	3	0	0	28360548	0	0	28360547	0	0	103449	Mozilla/5.0 (Windows NT 6.1; WOW64) AppleWebKit/537.1 (KHTML, like Gecko) Chrome/21.0.1180.83 Safari/537.1
4	40	0	0	0	28365162	0	0	28365131	0	0	27340	Mozilla/5.0 AppleWebKit/537.36 (KHTML, like Gecko; compatible; Googlebot/2.1; +http://www.google.com/bot.html) Chrome/119.0.6045.159 Safari/537.36
4	3	1	0	0	28360352	0	0	28360352	0	0	35673	Mozilla/5.0 (Windows NT 10.0; Win64; x64) AppleWebKit/537.36 (KHTML, like Gecko) Chrome/119.0.0.0 Safari/537.36
4	1	1	0	0	28359984	0	0	28359984	0	0	5978	Mozilla/5.0 (Windows NT 6.3; Win64; x64) AppleWebKit/537.36 (KHTML, like Gecko) Chrome/77.0.2253.88 Safari/537.36
4	16	16	0	0	28366978	0	0	28360569	0	0	517035	Mozilla/5.0 (Windows NT 10.0; Win64; x64) AppleWebKit/537.36 (KHTML, like Gecko) Chrome/89.0.4389.114 Safari/537.36
4	1	1	0	0	28366263	0	0	28366263	0	0	5983	Mozilla/5.0 (Windows NT 6.0; Win64; x64) AppleWebKit/537.36 (KHTML, like Gecko) Chrome/71.0.1985.88 Safari/537.36
4	1	1	0	0	28358892	0	0	28358892	0	0	5977	Mozilla/5.0 (Windows NT 10.0; Win64; x64) AppleWebKit/537.36 (KHTML, like Gecko) Chrome/92.0.4515.107 Safari/537.36
4	1	1	0	0	28364419	0	0	28364419	0	0	34453	Mozilla/5.0 (iPhone; CPU iPhone OS 16_6_1 like Mac OS X) AppleWebKit/605.1.15 (KHTML, like Gecko) Version/16.6 Mobile/15E148 Safari/604.1
4	1	1	0	0	28362909	0	0	28362909	0	0	5980	Mozilla/5.0 (Macintosh; Intel Mac OS X 10_14_6) AppleWebKit/537.36 (KHTML, like Gecko) Chrome/78.0.3904.97 Safari/537.36
4	13	1	0	0	28361064	0	0	28361064	0	0	1144623	Mozilla/5.0 (Windows NT 10.0; Win64; x64; rv:109.0) Gecko/20100101 Firefox/109.0
4	1	1	0	0	28358364	0	0	28358364	0	0	621	Mozilla/5.0 (Windows NT 6.1) AppleWebKit/537.36 (KHTML, like Gecko) Chrome/41.0.2228.0 Safari/537.36
4	11	3	0	0	28362231	0	0	28358363	0	0	17820	Mozilla/5.0 (Windows NT 6.1; Win64; x64) AppleWebKit/537.36 (KHTML, like Gecko) Chrome/83.0.4103.61 Safari/537.36
4	15	15	0	0	28368069	0	0	28360174	0	0	517035	Mozilla/5.0 (Windows NT 10.0; Win64; x64) AppleWebKit/537.36 (KHTML, like Gecko) Chrome/78.0.3904.108 Safari/537.36
4	6	6	0	0	28367972	0	0	28361222	0	0	206778	Mozilla/5.0 (Windows NT 10.0; Win64; x64) AppleWebKit/537.36 (KHTML, like Gecko) Chrome/88.0.4240.193 Safari/537.36
4	22	4	0	7	28366306	0	28366306	28366306	0	28366306	1402391	Mozilla/5.0 (compatible; Dataprovider.com)
4	1	1	0	0	28365014	0	0	28365014	0	0	5987	Mozilla/5.0 (Linux; Android 9.0; MI 8 SE) AppleWebKit/537.36 (KHTML, like Gecko) Chrome/80.0.3987.119 Mobile Safari/537.36
4	2	2	0	0	28365628	0	0	28364235	0	0	68906	Mozilla/5.0 (X11; Linux i686; rv:10.0) Gecko/20100101 Firefox/10.0
4	27	7	0	3	28360745	0	28360744	28360743	0	28360744	1971215	Mozilla/5.0 (Windows NT 10.0; Win64; x64) AppleWebKit/537.36 (KHTML, like Gecko) Chrome/79.0.3945.88 Safari/537.36
4	1	1	0	0	28359729	0	0	28359729	0	0	5978	Mozilla/5.0 (compatible; InternetMeasurement/1.0; +https://internet-measurement.com/)
4	3	0	0	0	28358361	0	0	28358361	0	0	261	Mozilla/5.0 (compatible; Let's Encrypt validation server; +https://www.letsencrypt.org)
4	2	1	0	2	28359800	0	28359800	28359800	0	28359800	6001	Mozilla/5.0 (Linux; Android 9; BDL8051C Build/BDL3552T; wv) AppleWebKit/537.36 (KHTML, like Gecko) Version/4.0 Chrome/66.0.3359.158 Safari/537.36
4	1	1	0	0	28366738	0	0	28366738	0	0	5984	Python/3.7 aiohttp/3.8.1
4	1	0	0	0	28362229	0	0	28362229	0	0	466	Mozilla/5.0 (Windows NT 10.0) AppleWebKit/537.36 (KHTML, like Gecko) Chrome/106.0.0.0 Safari/537.36
4	0	0	1	0	0	28367680	0	0	28367680	0	0	Mozilla/5.0 (X11; Fedora; Linux x86_64; rv:94.0) Gecko/20100101 Firefox/95.0
4	6	2	0	0	28361281	0	0	28359841	0	0	71346	Mozilla/5.0 (X11; Linux x86_64) AppleWebKit/537.36 (KHTML, like Gecko) Chrome/119.0.0.0 Safari/537.36
4	3	1	0	0	28363220	0	0	28363220	0	0	35673	Mozilla/5.0 (Windows NT 10.0; Win64; x64) AppleWebKit/537.36 (KHTML, like Gecko) Chrome/118.0.0.0 Safari/537.36
4	5	5	0	0	28364409	0	0	28360130	0	0	0	curl/7.81.0
4	1	1	0	0	28360079	0	0	28360079	0	0	5977	Mozilla/5.0 (Windows NT 10.0; Win64; x64) AppleWebKit/537.36 (KHTML, like Gecko) Chrome/91.0.4472.114 Safari/537.36 Edg/91.0.864.54
4	3	2	0	1	28366468	0	28366468	28366468	0	28366468	14169	Mozilla/5.0 (X11; Fedora; Linux x86_64; rv:114.0) Gecko/20100101 Firefox/114.0
4	1	1	0	0	28360250	0	0	28360250	0	0	5978	Mozilla/5.0 (Macintosh; Intel Mac OS X 10_9_2)
4	1	0	0	1	28358395	0	28358395	28358395	0	28358395	0	Mozilla/5.0 (X11; Linux x86_64) AppleWebKit/537.36 (KHTML, like Gecko) HeadlessChrome/119.0.0.0 Safari/537.36
4	0	0	0	1	0	0	28358363	0	0	28358363	0	Mozilla/5.0 (l9scan/2.0.439313e23343e21333e24363; +https://leakix.net)
4	1	1	0	0	28366298	0	0	28366298	0	0	5986	Mozilla/5.0 AppleWebKit/537.36 (KHTML, like Gecko; compatible; Nicecrawler/1.1; +http://www.nicecrawler.com/) Chrome/90.0.4430.97 Safari/537.36
4	3	1	0	0	28363220	0	0	28363220	0	0	35673	Mozilla/5.0 (iPhone; CPU iPhone OS 17_1 like Mac OS X) AppleWebKit/605.1.15 (KHTML, like Gecko) Version/17.1 Mobile/15E148 Safari/604.1
4	23	4	0	0	28364402	0	0	28364387	0	0	1191472	Mozilla/5.0 (Windows NT 10.0; Win64; x64; rv:120.0) Gecko/20100101 Firefox/120.0
4	1	1	0	0	28358371	0	0	28358371	0	0	0	Mozilla/5.0 (X11; Ubuntu; Linux x86_64; rv:30.0) Gecko/20100101 Firefox/30.0
4	2	2	0	0	28362985	0	0	28361601	0	0	11955	Mozilla/5.0 (Linux; Android 14) AppleWebKit/537.36 (KHTML, like Gecko) Chrome/118.0.5993.80 Mobile Safari/537.36
4	4	2	0	0	28359314	0	0	28359314	0	0	14483	python-httpx/0.25.1
4	14	1	0	0	28360300	0	0	28360300	0	0	1144625	Mozilla/5.0 (X11; Linux x86_64) AppleWebKit/537.36 (KHTML, like Gecko) Chrome/119.0.6045.105 Safari/537.36
4	8	4	0	1	28364419	0	28360924	28359601	0	28360924	111775	Mozilla/5.0 (Windows NT 10.0; Win64; x64; rv:109.0) Gecko/20100101 Firefox/119.0
4	1	0	0	0	28362605	0	0	28362605	0	0	24	Mozilla/5.0 (Windows NT 9_2_2; Win64; x64) AppleWebKit/545.35 (KHTML, like Gecko) Chrome/54.0.2200 Safari/537.36
4	2	2	0	0	28363440	0	0	28360491	0	0	11954	Python/3.6 aiohttp/3.5.4
4	1	0	0	0	28362605	0	0	28362605	0	0	193	Mozilla/5.0 (X11; Linux x86_64) AppleWebKit/542.40 (KHTML, like Gecko) Chrome/80.0.392 Safari/537.36
4	7	2	0	0	28363220	0	0	28360352	0	0	71346	Mozilla/5.0 (iPhone; CPU iPhone OS 17_1_1 like Mac OS X) AppleWebKit/605.1.15 (KHTML, like Gecko) Version/17.1.1 Mobile/15E148 Safari/604.1
4	1	1	0	0	28360182	0	0	28360182	0	0	5979	Mozilla/5.0 (Linux; U; Android 8.1.0; zh-cn; BLA-AL00 Build/HUAWEIBLA-AL00) AppleWebKit/537.36 (KHTML, like Gecko) Version/4.0 Chrome/57.0.2987.132 MQQBrowser/8.9 Mobile Safari/537.36
4	4	1	0	0	28358380	0	0	28358380	0	0	4574	Mozilla/5.0 (Windows NT 10.0; WOW64; Trident/7.0; .NET4.0C; .NET4.0E; .NET CLR 2.0.50727; .NET CLR 3.0.30729; .NET CLR 3.5.30729; InfoPath.3; rv:11.0) like Gecko
4	2	0	0	0	28361650	0	0	28360130	0	0	2526	python-requests/2.25.1
4	4	1	0	0	28367365	0	0	28367365	0	0	18498	Mozilla/5.0 (compatible; ips-agent)
4	2	2	0	0	28360906	0	0	28360892	0	0	11951	Mozilla/5.0 (Macintosh; Intel Mac OS X 10_15_7) AppleWebKit/537.36 (KHTML, like Gecko) Chrome/113.0.0.0 Safari/537.36
4	1	1	0	0	28360531	0	0	28360531	0	0	5980	Mozilla/5.0 (Windows NT 10.0; Win64; x64) AppleWebKit/537.36 (KHTML, like Gecko) Chrome/83.0.4103.97 Safari/537.36
4	13	1	0	0	28359099	0	0	28359099	0	0	1144624	Mozilla/5.0 (X11; Linux x86_64) AppleWebKit/537.36 (KHTML, like Gecko) HeadlessChrome/91.0.4472.77 Safari/537.36
4	3	3	0	0	28365160	0	0	28365131	0	0	15189	Mozilla/5.0 (Linux; Android 6.0.1; Nexus 5X Build/MMB29P) AppleWebKit/537.36 (KHTML, like Gecko) Chrome/119.0.6045.199 Mobile Safari/537.36 (compatible; Googlebot/2.1; +http://www.google.com/bot.html)
4	7	0	0	0	28361721	0	0	28359366	0	0	2375	Mozilla/5.0 (Windows NT 10.0; Win64; x64) AppleWebKit/537.36 (KHTML, like Gecko) Chrome/108.0.0.0 Safari/537.36
4	8	2	0	0	28361281	0	0	28359601	0	0	71346	Mozilla/5.0 (Linux; Android 10; K) AppleWebKit/537.36 (KHTML, like Gecko) Chrome/118.0.0.0 Mobile Safari/537.36
4	1	0	0	0	28362605	0	0	28362605	0	0	1263	Mozilla/5.0 (X11; Linux x86_64) AppleWebKit/564.44 (KHTML, like Gecko) Chrome/101.0.1247 Safari/537.36
4	26	2	0	0	28367491	0	0	28363393	0	0	2289252	Mozilla/5.0 (X11; Linux x86_64) AppleWebKit/537.36 (KHTML, like Gecko) HeadlessChrome/110.0.5481.100 Safari/537.36
4	2	2	0	1	28362813	0	28362801	28362793	0	28362801	11955	Mozilla/5.0 (Macintosh; Intel Mac OS X 10_15_7) AppleWebKit/537.36 (KHTML, like Gecko) Chrome/103.0.5060.114 Safari/537.36
4	1	0	0	0	28359887	0	0	28359887	0	0	193	Mozilla/5.0 (Windows NT 10.0; rv:102.0) Gecko/20100101 Firefox/102.0
4	2	0	0	0	28362145	0	0	28361222	0	0	0	Mozilla/5.0 (Windows NT 10.0; Win64; x64) AppleWebKit/537.36 (KHTML, like Gecko) Chrome/106.0.0.0 Safari/537.36 Edg/106.0.1370.37
4	2	2	0	0	28360842	0	0	28360793	0	0	11961	Mozilla/5.0 (Windows NT 6.1; WOW64) AppleWebKit/534.24 (KHTML, like Gecko) Chrome/11.0.696.71 Safari/534.24
4	1	1	0	0	28363044	0	0	28363044	0	0	5977	Mozilla/5.0 (Windows NT 10.0; Win64; x64) AppleWebKit/537.36 (KHTML, like Gecko) Chrome/118.0.0.0 Safari/537.36 Edg/118.0.2088.46
4	1	1	0	0	28363392	0	0	28363392	0	0	5976	Mozilla/5.0 (Windows; U; Windows NT 6.1; en-US) AppleWebKit/534.10 (KHTML, like Gecko) Chrome/7.0.540.0 Safari/534.10
4	4	4	0	0	28367522	0	0	28365424	0	0	23937	Mozilla/5.0 (Windows NT 10.0; Win64; x64) AppleWebKit/537.36 (KHTML, like Gecko) Chrome/70.0.3538.77 Safari/537.36
4	3	3	4	12	28367545	28366317	28367545	28364321	28366317	28364321	17951	Mozilla/5.0 (Windows NT 10.0; Win64; x64; rv:108.0) Gecko/20100101 Firefox/108.0
4	15	2	1	0	28364423	28364423	0	28364422	28364423	0	1150682	Mozilla/5.0 (Windows NT 10.0; Win64; x64) AppleWebKit/537.36 (KHTML, like Gecko) Chrome/116.0.0.0 Safari/537.36
4	13	1	0	0	28361331	0	0	28361331	0	0	1144622	Mozilla/5.0 (X11; Linux x86_64) AppleWebKit/537.36 (KHTML, like Gecko) HeadlessChrome/106.0.5249.91 Safari/537.36
4	8	8	0	0	28368148	0	0	28362793	0	0	47853	Mozilla/5.0 (Windows NT 10.0; WOW64) AppleWebKit/537.36 (KHTML, like Gecko) Chrome/62.0.3202.94 Safari/537.36
4	8	5	0	0	28366025	0	0	28362464	0	0	29914	Mozilla/5.0 (X11; Linux x86_64) AppleWebKit/537.36 (KHTML, like Gecko) Chrome/83.0.4103.97 Safari/537.36
4	6	3	0	0	28366916	0	0	28359489	0	0	17939	Mozilla/5.0 (compatible; CensysInspect/1.1; +https://about.censys.io/)
4	5	3	0	0	28365162	0	0	28365130	0	0	15239	Mozilla/5.0 (compatible; Googlebot/2.1; +http://www.google.com/bot.html)
4	8	4	0	0	28367746	0	0	28359623	0	0	26389	Mozilla/5.0 (X11; Linux x86_64) AppleWebKit/537.36 (KHTML, like Gecko) Chrome/108.0.0.0 Safari/537.36
4	1	1	0	0	28360794	0	0	28360794	0	0	5977	Mozilla/5.0 (Windows NT 7.3; Win64; x64) AppleWebKit/537.36 (KHTML, like Gecko) Chrome/77.0.3914.88 Safari/537.36
4	3	3	0	14	28358363	0	28358363	28358363	0	28358363	1242	Go-http-client/1.1
4	3	1	0	0	28363220	0	0	28363220	0	0	35425	Mozilla/5.0 (Android 14; Mobile; rv:109.0) Gecko/119.0 Firefox/119.0
4	13	1	0	0	28364431	0	0	28364431	0	0	1144628	Mozilla/5.0 (iPhone; CPU iPhone OS 16_0 like Mac OS X) AppleWebKit/605.1.15 (KHTML, like Gecko) CriOS/99.0.4844.47 Mobile/15E148 Safari/604.1
4	0	0	0	1	0	0	28362488	0	0	28362488	0	Mozilla/5.0 (X11; Fedora; Linux x86_64; rv:79.0) Gecko/20100101 Firefox/79.0
4	0	0	0	1	0	0	28362488	0	0	28362488	0	Mozilla/5.0 (Windows NT 6.1; Win64; x64) AppleWebKit/537.36 (KHTML, like Gecko) Chrome/74.0.3729.169 Safari/537.36
4	0	0	0	1	0	0	28358401	0	0	28358401	0	Mozilla/5.0 (Windows NT 10.0; Win64; x64) AppleWebKit/537.36 (KHTML, like Gecko) Chrome/84.0.4147.89 Safari/537.36
4	1	0	0	0	28361064	0	0	28361064	0	0	0	curl/7.58.0
4	13	1	0	0	28359036	0	0	28359036	0	0	147569	Mozilla/5.0 (Windows NT 10.0; Win64; x64) AppleWebKit/537.36 (KHTML, like Gecko) Chrome/119.0.0.0 Safari/537.36 OPR/105.0.0.0
4	1	1	0	0	28359752	0	0	28359752	0	0	5977	Mozilla/5.0 (Macintosh; Intel Mac OS X 10_14_6) AppleWebKit/537.36 (KHTML, like Gecko) Chrome/87.0.4280.88 Safari/537.36
4	1	0	0	0	28367536	0	0	28367536	0	0	0	Mozilla/5.0 (Windows NT 10.0; Win64; x64) AppleWebKit/537.36 (KHTML, like Gecko) Chrome/113.0.0.0 Safari/537.36 OPR/99.0.0.0
4	13	1	0	0	28358468	0	0	28358468	0	0	1144612	Mozilla/5.0 (Windows NT 10.0; WOW64) AppleWebKit/537.36 (KHTML, like Gecko) Chrome/110.0.0.0 Safari/537.36
4	1	1	8	8	28362028	28362028	28362028	28362028	28362027	28362027	5980	Mozilla/5.0 (Windows NT 6.3; Win64; x64; rv:63.0) Gecko/20100101 Firefox/63.0
4	13	4	0	6	28362960	0	28362994	28362866	0	28362932	63215	serpstatbot/2.1 (advanced backlink tracking bot; https://serpstatbot.com/; abuse@serpstatbot.com)
4	1	1	0	0	28362509	0	0	28362509	0	0	5983	Mozilla/5.0 Firefox/33.0
4	1	1	0	0	28366327	0	0	28366327	0	0	34453	Mozilla/5.0 (Windows NT 10.0; Win64; x64) AppleWebKit/537.36 (KHTML, like Gecko) Chrome/97.0.4692.71 Safari/537.36
4	1	1	0	0	28362605	0	0	28362605	0	0	5980	Mozilla/5.0 (X11; Linux x86_64) AppleWebKit/560.55 (KHTML, like Gecko) Chrome/70.0.2058 Safari/537.36
4	0	0	1	2	0	28364350	28364350	0	28364350	28364350	0	Mozilla/5.0 (Macintosh; Intel Mac OS X 10.15; rv:77.0) Gecko/20100101 Firefox/77.0
4	1	1	0	0	28364836	0	0	28364836	0	0	5988	Mozilla/5.0 (Windows NT 10.0; Win64; x64) AppleWebKit/537.36 (KHTML, like Gecko) Chrome/76.0.3180.88 Safari/537.36
4	3	1	0	0	28364419	0	0	28364419	0	0	35643	Mozilla/5.0 (Linux; Android 10; K) AppleWebKit/537.36 (KHTML, like Gecko) Chrome/116.0.0.0 Mobile Safari/537.36
4	13	1	0	0	28366298	0	0	28366298	0	0	1144629	Mozilla/5.0 (X11; Linux x86_64) AppleWebKit/537.36 (KHTML, like Gecko) HeadlessChrome/92.0.4515.107 Safari/537.36
4	26	2	0	0	28365109	0	0	28362227	0	0	2289253	Mozilla/5.0 (X11; Linux x86_64) AppleWebKit/537.36 (KHTML, like Gecko) HeadlessChrome/92.0.4515.159 Safari/537.36
4	0	0	3	0	0	28362434	0	0	28360968	0	0	Mozilla/5.0
4	6	0	0	0	28361721	0	0	28358375	0	0	3392	Mozilla/5.0 (Macintosh; Intel Mac OS X 13_0_1) AppleWebKit/537.36 (KHTML, like Gecko) Chrome/108.0.0.0 Safari/537.36
4	1	1	0	0	28358363	0	0	28358363	0	0	1253	Mozilla/5.0 (Linux; Android 6.0; HTC One M9 Build/MRA788076) AppleWebKit/537.36 (KHTML, like Gecko) Chrome/52.0.1075.98 Mobile Safari/537.3
4	0	0	0	1	0	0	28362488	0	0	28362488	0	Mozilla/5.0 (Windows NT 10.0; Win64; x64) AppleWebKit/537.36 (KHTML, like Gecko) Chrome/84.0.4147.105 Safari/537.36 OPR/70.0.3728.95
4	1	0	0	0	28360531	0	0	28360531	0	0	0	python-requests/2.24.0
4	1	1	0	0	28363443	0	0	28363443	0	0	5980	Mozilla/5.0 (Windows NT 10.6; Win64; x64) AppleWebKit/537.36 (KHTML, like Gecko) Chrome/70.0.3336.88 Safari/537.36
4	35	3	0	0	28362231	0	0	28358363	0	0	2297044	Mozilla/5.0 (Windows NT 10.0; Win64; x64) AppleWebKit/537.36 (KHTML, like Gecko) Chrome/79.0.3945.79 Safari/537.36
4	31	3	0	0	28362765	0	0	28358383	0	0	2294230	Mozilla/5.0 (iPhone; CPU iPhone OS 16_1_1 like Mac OS X) AppleWebKit/605.1.15 (KHTML, like Gecko) Version/16.1 Mobile/15E148 Safari/604.1
4	4	0	0	0	28361721	0	0	28359623	0	0	2492	Mozilla/5.0 (Windows NT 10.0; WOW64) AppleWebKit/537.36 (KHTML, like Gecko) Chrome/108.0.0.0 Safari/537.36
4	0	0	0	2	0	0	28362569	0	0	28361676	0	Apache/2.4.34 (Ubuntu) OpenSSL/1.1.1 (internal dummy connection)
4	1	1	0	0	28367535	0	0	28367535	0	0	5985	Mozilla/5.0 (X11; Linux x86_64) AppleWebKit/537.36 (KHTML, like Gecko) Chrome/115.0.0.0 Safari/537.36
4	1	1	0	0	28361434	0	0	28361434	0	0	34483	Mozilla/5.0 (compatible; MSIE 10.0; Windows NT 6.1; Trident/6.0)
4	2	2	0	0	28361018	0	0	28359887	0	0	40460	Mozilla/5.0 (Windows NT 10.0; Win64; x64) AppleWebKit/537.36 (KHTML, like Gecko) Chrome/114.0.0.0 Safari/537.36
4	3	1	0	0	28359842	0	0	28359841	0	0	35673	Mozilla/5.0 (iPhone; CPU iPhone OS 17_0_3 like Mac OS X) AppleWebKit/605.1.15 (KHTML, like Gecko) Version/17.0.1 Mobile/15E148 Safari/604.1
4	20	0	0	0	28365160	0	0	28365132	0	0	13670	Mozilla/5.0 (Linux; Android 6.0.1; Nexus 5X Build/MMB29P) AppleWebKit/537.36 (KHTML, like Gecko) Chrome/119.0.6045.159 Mobile Safari/537.36 (compatible; Googlebot/2.1; +http://www.google.com/bot.html)
4	1	1	0	0	28362550	0	0	28362550	0	0	34483	curl/7.29.0
4	41	5	0	0	28362345	0	0	28358366	0	0	2304202	Mozilla/5.0 (X11; Linux x86_64) AppleWebKit/537.36 (KHTML, like Gecko) HeadlessChrome/117.0.5938.132 Safari/537.36
4	8	4	0	0	28365289	0	0	28365288	0	0	24564	Mozilla/5.0 (iPhone; CPU iPhone OS 10_3 like Mac OS X) AppleWebKit/602.1.50 (KHTML
4	35	8	5	20	28366524	28366523	28366524	28359944	28360780	28360780	47832	Mozilla/5.0 (Windows NT 10.0; Win64; x64) AppleWebKit/537.36 (KHTML, like Gecko) Chrome/94.0.4606.61 Safari/537.36
4	1	1	0	0	28362249	0	0	28362249	0	0	5977	Mozilla/5.0 (Windows NT 6.5; Win64; x64) AppleWebKit/537.36 (KHTML, like Gecko) Chrome/77.0.3979.88 Safari/537.36
4	1	0	0	0	28367536	0	0	28367536	0	0	193	Mozilla/5.0 (X11; Linux x86_64) AppleWebKit/537.36 (KHTML, like Gecko) Chrome/77.0.3865.75 Safari/537.36
4	3	3	0	0	28366306	0	0	28361222	0	0	46420	Mozilla/5.0 (Linux; Android 10; SM-G981B) AppleWebKit/537.36 (KHTML, like Gecko) Chrome/80.0.3987.162 Mobile Safari/537.36
4	3	1	0	0	28359841	0	0	28359841	0	0	35673	Mozilla/5.0 (Android 14; Mobile; rv:120.0) Gecko/120.0 Firefox/120.0
4	1	1	0	0	28361223	0	0	28361223	0	0	34495	Mozilla/5.0 (Linux; U; Android 2.2; en-us; Nexus One Build/FRF91) AppleWebKit/533.1 (KHTML, like Gecko) Version/4.0 Mobile Safari/533.1
4	3	1	0	0	28360352	0	0	28360352	0	0	35673	Mozilla/5.0 (Linux; Android 10; K) AppleWebKit/537.36 (KHTML, like Gecko) Chrome/119.0.0.0 Mobile Safari/537.36
4	1	1	0	0	28365470	0	0	28365470	0	0	5983	Mozilla/5.0 (Windows NT 6.2; WOW64) AppleWebKit/537.36 (KHTML, like Gecko) Chrome/34.0.1847.131 Safari/537.36
4	1	1	0	0	28358540	0	0	28358540	0	0	5979	Mozilla/5.0 (X11; Linux x86_64) AppleWebKit/537.36 (KHTML, like Gecko) Chrome/34.0.1847.137 Safari/4E423F
4	114	18	0	9	28360743	0	28360743	28360251	0	28360251	993006	Mozilla/5.0 (Windows NT 10.0; Win64; x64) AppleWebKit/537.36 (KHTML, like Gecko) Chrome/42.0.2311.135 Safari/537.36 Edge/12.246
4	2	2	0	0	28366082	0	0	28358581	0	0	11965	Mozilla/5.0 (X11; Linux x86_64) AppleWebKit/537.36 (KHTML, like Gecko) Chrome/105.0.0.0 Safari/537.36
4	1	1	0	0	28360243	0	0	28360243	0	0	5979	Mozilla/5.0 (Windows NT 5.3; Win64; x64) AppleWebKit/537.36 (KHTML, like Gecko) Chrome/79.0.3200.88 Safari/537.36
4	8	0	0	0	28358361	0	0	28358361	0	0	512	Cpanel-HTTP-Client/1.0
5	1	1	0	0	28364419	0	0	28364419	0	0	34453	192.42.116.182
5	2	2	0	0	28365368	0	0	28364896	0	0	68906	40.119.40.45
5	1	0	0	0	28364420	0	0	28364420	0	0	0	192.42.116.178
5	0	0	1	0	0	28367680	0	0	28367680	0	0	147.182.152.208
5	3	1	0	0	28364419	0	0	28364419	0	0	35643	31.6.58.107
5	1	0	0	0	28359623	0	0	28359623	0	0	489	170.247.222.75
5	1	1	0	1	28358363	0	28358363	28358363	0	28358363	621	51.89.167.1
5	1	1	0	0	28359356	0	0	28359356	0	0	0	45.139.67.1
5	2	2	0	0	28364708	0	0	28360443	0	0	11959	36.111.67.189
5	1	0	0	0	28359624	0	0	28359624	0	0	973	45.139.65.251
5	1	1	0	0	28360920	0	0	28360920	0	0	5978	43.153.108.194
5	3	1	0	0	28359841	0	0	28359841	0	0	35673	15.237.249.123
5	18	3	1	0	28364423	28364423	0	28364419	28364423	0	1186325	46.246.122.126
5	1	1	0	0	28361319	0	0	28361319	0	0	5979	117.33.163.216
5	2	1	0	0	28365448	0	0	28363384	0	0	10773	180.110.203.108
5	1	0	0	0	28362765	0	0	28362765	0	0	595	168.151.139.75
5	1	1	0	0	28360195	0	0	28360195	0	0	5979	43.153.70.68
5	1	1	0	0	28362240	0	0	28362240	0	0	5978	170.106.183.198
5	1	0	0	0	28359852	0	0	28359852	0	0	193	213.188.88.14
5	1	1	0	0	28365424	0	0	28365424	0	0	5986	170.64.137.131
5	15	2	0	0	28360532	0	0	28360531	0	0	1150797	205.169.39.139
5	0	0	1	0	0	28360780	0	0	28360780	0	0	176.53.220.149
5	0	0	1	2	0	28364350	28364350	0	28364350	28364350	0	45.125.66.46
5	1	1	0	0	28366025	0	0	28366025	0	0	5986	54.186.54.123
5	1	0	0	0	28361547	0	0	28361547	0	0	0	44.204.49.20
5	0	0	1	0	0	28365176	0	0	28365176	0	0	176.53.219.144
5	1	1	0	0	28367010	0	0	28367010	0	0	5985	106.119.167.146
5	3	1	0	0	28360352	0	0	28360352	0	0	35673	81.155.203.45
5	1	1	0	0	28362060	0	0	28362060	0	0	5979	170.106.104.42
5	1	0	0	0	28361721	0	0	28361721	0	0	329	191.102.170.45
5	13	1	0	0	28367491	0	0	28367491	0	0	1144630	204.101.161.32
5	1	0	0	0	28364431	0	0	28364431	0	0	696	119.12.199.147
5	1	1	0	0	28359496	0	0	28359496	0	0	0	45.139.67.11
5	4	3	0	0	28368125	0	0	28362320	0	0	24107	43.155.152.154
5	1	0	0	0	28365353	0	0	28365353	0	0	6154	180.102.134.69
5	1	1	0	0	28361434	0	0	28361434	0	0	34483	104.243.241.3
5	0	0	0	1	0	0	28358401	0	0	28358401	0	80.255.7.122
5	1	1	0	0	28362550	0	0	28362550	0	0	34483	223.113.128.180
5	3	2	0	0	28365354	0	0	28362960	0	0	16182	49.51.206.130
5	1	1	0	0	28362187	0	0	28362187	0	0	34483	195.201.41.238
5	1	1	0	0	28362813	0	0	28362813	0	0	5977	154.17.177.71
5	1	1	0	0	28362464	0	0	28362464	0	0	5978	52.40.190.156
5	1	0	0	0	28359624	0	0	28359624	0	0	595	191.102.187.110
5	1	1	0	0	28361974	0	0	28361974	0	0	5979	40.77.167.8
5	1	1	0	1	28365197	0	28365371	28365197	0	28365371	5984	170.106.82.193
5	1	0	0	0	28359366	0	0	28359366	0	0	489	186.179.59.168
5	4	1	0	0	28360352	0	0	28360352	0	0	35673	155.94.216.226
5	1	1	0	0	28363632	0	0	28363632	0	0	34453	188.166.219.96
5	5	1	0	1	28362605	0	28362605	28362605	0	28362605	7460	106.75.85.188
5	0	0	0	1	0	0	28367898	0	0	28367898	0	43.138.249.166
5	2	1	0	0	28362145	0	0	28362145	0	0	5976	106.74.26.129
5	0	0	0	1	0	0	28363626	0	0	28363626	0	176.53.220.110
5	2	0	0	0	28359366	0	0	28359366	0	0	924	209.127.111.254
5	1	1	0	0	28359625	0	0	28359625	0	0	5975	170.231.251.3
5	1	1	0	0	28366738	0	0	28366738	0	0	5984	220.151.9.22
5	1	1	0	0	28365346	0	0	28365346	0	0	5989	182.44.9.147
5	1	1	0	0	28360182	0	0	28360182	0	0	5979	175.178.76.152
5	2	1	0	0	28359489	0	0	28359489	0	0	5975	199.45.155.17
5	2	1	0	0	28359560	0	0	28359560	0	0	5980	199.45.155.16
5	1	1	0	0	28364804	0	0	28364804	0	0	34453	20.121.49.189
5	1	1	0	0	28360620	0	0	28360620	0	0	5977	43.135.153.93
5	1	0	0	0	28362765	0	0	28362765	0	0	489	206.204.36.203
5	1	1	0	0	28362033	0	0	28362033	0	0	5976	89.104.100.40
5	1	1	0	0	28360531	0	0	28360531	0	0	5980	34.228.10.123
5	1	0	0	0	28362765	0	0	28362765	0	0	1040	216.194.93.212
5	0	0	0	1	0	0	28360781	0	0	28360781	0	176.53.217.7
5	1	0	0	0	28361721	0	0	28361721	0	0	595	192.241.67.244
5	1	0	0	0	28359852	0	0	28359852	0	0	466	161.129.170.194
5	1	1	0	0	28365198	0	0	28365198	0	0	34453	20.27.86.144
5	1	1	0	0	28358581	0	0	28358581	0	0	5980	199.244.88.230
5	1	1	0	0	28361018	0	0	28361018	0	0	34483	116.203.211.224
5	1	1	0	0	28366082	0	0	28366082	0	0	5985	199.244.88.225
5	1	0	0	0	28359356	0	0	28359356	0	0	0	95.164.159.85
5	1	0	0	0	28359852	0	0	28359852	0	0	943	89.34.78.105
5	2	2	0	0	28366633	0	0	28366415	0	0	11965	129.226.158.26
5	9	3	0	0	28365276	0	0	28365275	0	0	308599	184.94.240.88
5	1	0	0	0	28359624	0	0	28359624	0	0	489	209.127.105.254
5	1	1	0	0	28365929	0	0	28365929	0	0	5984	165.232.163.242
5	2	2	0	0	28366327	0	0	28365470	0	0	40436	91.92.249.196
5	3	1	0	0	28360531	0	0	28360531	0	0	5978	54.145.77.120
5	10	4	0	7	28366306	0	28366306	28366306	0	28366306	292226	144.217.135.152
5	2	2	0	0	28367972	0	0	28366719	0	0	68906	89.187.163.216
5	1	0	0	0	28364431	0	0	28364431	0	0	1130640	43.252.31.77
5	1	1	0	0	28358540	0	0	28358540	0	0	5979	34.173.214.193
5	2	2	0	0	28360906	0	0	28360892	0	0	11951	15.204.182.106
5	1	1	0	0	28365356	0	0	28365356	0	0	6126	170.106.159.160
5	1	1	0	0	28361055	0	0	28361055	0	0	34483	209.97.163.116
5	1	0	0	0	28362765	0	0	28362765	0	0	1263	168.151.175.135
5	1	0	0	0	28358361	0	0	28358361	0	0	87	23.178.112.107
5	1	1	10	8	28362028	28362434	28362028	28362028	28360968	28362027	5980	159.223.46.81
5	1	1	0	0	28368096	0	0	28368096	0	0	5983	43.130.32.224
5	1	1	0	0	28365014	0	0	28365014	0	0	5987	88.0.90.25
5	13	1	0	0	28366306	0	0	28366306	0	0	1144630	144.217.135.136
5	1	1	0	0	28363500	0	0	28363500	0	0	5984	43.134.37.211
5	1	1	0	0	28360414	0	0	28360414	0	0	5976	54.196.215.252
5	1	1	0	0	28364401	0	0	28364401	0	0	5984	43.153.110.177
5	1	1	0	0	28364085	0	0	28364085	0	0	5985	182.44.10.67
5	1	0	0	0	28359852	0	0	28359852	0	0	595	168.151.113.60
5	1	0	0	0	28361721	0	0	28361721	0	0	193	191.102.170.2
5	1	0	0	0	28361064	0	0	28361064	0	0	0	52.88.62.60
5	65	13	0	6	28360745	0	28360744	28360743	0	28360743	2302217	51.195.90.123
5	1	1	0	0	28366025	0	0	28366025	0	0	5984	18.246.73.36
5	1	1	0	0	28366635	0	0	28366635	0	0	34453	34.86.4.194
5	3	3	0	0	28368011	0	0	28363800	0	0	17952	43.131.248.209
5	1	0	0	0	28361721	0	0	28361721	0	0	489	132.255.133.206
5	2	1	0	0	28363337	0	0	28360724	0	0	5979	89.104.110.80
5	1	1	0	0	28362765	0	0	28362765	0	0	5976	176.223.105.170
5	1	1	0	0	28362309	0	0	28362309	0	0	34483	111.207.155.211
5	1	1	0	0	28360181	0	0	28360181	0	0	34483	172.203.212.15
5	1	1	0	0	28358383	0	0	28358383	0	0	621	91.245.235.154
5	8	8	0	0	28367033	0	0	28359984	0	0	47846	123.60.68.42
5	1	1	0	0	28367827	0	0	28367827	0	0	5983	43.131.48.214
5	3	3	0	0	28367284	0	0	28364580	0	0	17951	43.157.40.112
5	1	1	0	0	28367448	0	0	28367448	0	0	5984	117.62.235.53
5	1	0	0	0	28365176	0	0	28365176	0	0	0	89.104.110.65
5	1	1	0	0	28361223	0	0	28361223	0	0	34495	42.83.147.42
5	14	2	0	0	28366298	0	0	28366298	0	0	1150615	69.160.160.60
5	1	1	0	0	28362539	0	0	28362539	0	0	34483	212.227.203.178
5	1	0	0	0	28359624	0	0	28359624	0	0	193	193.34.73.140
5	8	0	0	0	28358361	0	0	28358361	0	0	512	64.31.43.194
5	1	0	0	0	28366523	0	0	28366523	0	0	0	176.53.221.106
5	1	0	0	0	28364431	0	0	28364431	0	0	1040	119.13.193.157
5	4	1	0	0	28361281	0	0	28361281	0	0	35673	3.126.118.253
5	2	1	0	0	28365448	0	0	28363750	0	0	10835	43.159.128.68
5	1	1	0	0	28366028	0	0	28366028	0	0	5985	43.130.62.164
5	1	1	0	0	28361547	0	0	28361547	0	0	5979	192.241.67.147
5	1	1	0	0	28365704	0	0	28365704	0	0	34453	172.190.48.129
5	1	1	0	0	28362793	0	0	28362793	0	0	5978	45.129.233.254
5	1	0	0	0	28359624	0	0	28359624	0	0	329	193.34.73.123
5	1	0	0	0	28363626	0	0	28363626	0	0	0	176.53.223.51
5	3	1	0	0	28363220	0	0	28363220	0	0	35425	191.101.31.36
5	0	0	0	8	0	0	28361720	0	0	28361676	0	157.245.52.29
5	1	0	0	0	28360780	0	0	28360780	0	0	0	176.53.222.203
5	4	3	0	0	28367644	0	0	28360800	0	0	23894	49.51.179.103
5	0	0	0	1	0	0	28360780	0	0	28360780	0	176.53.222.188
5	1	1	0	0	28362753	0	0	28362753	0	0	5976	182.42.104.32
5	0	0	0	1	0	0	28362569	0	0	28362569	0	159.223.48.151
5	1	0	0	0	28359852	0	0	28359852	0	0	1130640	45.142.93.139
5	1	1	0	0	28363337	0	0	28363337	0	0	5977	176.53.222.184
5	1	0	0	0	28361721	0	0	28361721	0	0	973	209.127.105.148
5	1	1	0	0	28362260	0	0	28362260	0	0	34483	34.162.88.52
5	0	0	0	1	0	0	28365176	0	0	28365176	0	89.104.110.177
5	1	1	0	0	28359800	0	0	28359800	0	0	5977	93.158.70.111
5	1	0	0	0	28360781	0	0	28360781	0	0	0	45.90.60.210
5	1	0	0	1	28363626	0	28362292	28363626	0	28362292	0	89.104.110.15
5	1	1	0	1	28360924	0	28360924	28360924	0	28360924	5976	57.128.80.78
5	1	0	0	0	28359601	0	0	28359601	0	0	0	84.247.116.220
5	1	1	0	0	28359729	0	0	28359729	0	0	5978	87.236.176.203
5	4	2	0	0	28359314	0	0	28359314	0	0	14483	34.207.114.204
5	1	0	0	0	28358383	0	0	28358383	0	0	2300	168.151.107.42
5	1	0	0	0	28365176	0	0	28365176	0	0	0	45.90.60.190
5	1	0	0	0	28358383	0	0	28358383	0	0	411	168.151.134.112
5	1	1	0	0	28360174	0	0	28360174	0	0	34483	20.163.8.122
5	1	0	0	0	28362752	0	0	28362752	0	0	0	52.40.202.203
5	5	2	0	0	28358380	0	0	28358371	0	0	4574	58.251.94.154
5	0	0	0	2	0	0	28358375	0	0	28358375	0	34.234.11.9
5	1	0	0	0	28362292	0	0	28362292	0	0	0	176.53.216.199
5	2	2	0	4	28367545	0	28367545	28364321	0	28364321	11967	128.90.135.40
5	0	0	0	1	0	0	28365370	0	0	28365370	0	113.219.218.197
5	1	1	0	0	28358554	0	0	28358554	0	0	5981	34.122.89.224
5	2	2	0	0	28363140	0	0	28360882	0	0	11961	43.153.11.107
5	5	1	0	0	28358366	0	0	28358366	0	0	4985	34.116.238.105
5	1	0	0	0	28359366	0	0	28359366	0	0	973	193.34.73.47
5	1	0	0	0	28364431	0	0	28364431	0	0	193	209.95.169.213
5	1	1	0	0	28361977	0	0	28361977	0	0	34483	103.68.28.181
5	1	1	0	0	28363440	0	0	28363440	0	0	5979	173.249.33.193
5	54	11	0	3	28360274	0	28360251	28360250	0	28360251	2097757	51.195.91.122
5	1	0	0	0	28362765	0	0	28362765	0	0	1018	37.61.227.166
5	1	1	0	0	28361384	0	0	28361384	0	0	5980	176.53.217.58
5	3	1	0	0	28363220	0	0	28363220	0	0	35673	164.90.241.135
5	1	0	0	0	28358361	0	0	28358361	0	0	87	52.36.2.37
5	1	0	0	0	28365176	0	0	28365176	0	0	0	45.90.60.154
5	1	1	0	0	28362007	0	0	28362007	0	0	5978	159.203.24.196
5	1	1	0	0	28359852	0	0	28359852	0	0	5979	199.244.57.16
5	1	1	0	0	28360260	0	0	28360260	0	0	5979	43.159.145.150
5	1	0	0	0	28359496	0	0	28359496	0	0	0	18.204.226.216
5	0	0	0	1	0	0	28365369	0	0	28365369	0	175.6.217.4
5	1	0	0	0	28358383	0	0	28358383	0	0	366	91.92.22.214
5	1	1	0	0	28366448	0	0	28366448	0	0	5984	170.64.153.98
5	0	0	0	1	0	0	28366524	0	0	28366524	0	176.53.216.155
5	2	1	0	0	28361222	0	0	28361222	0	0	5979	42.228.9.78
5	1	1	0	0	28361634	0	0	28361634	0	0	34483	139.162.15.185
5	0	0	0	1	0	0	28366523	0	0	28366523	0	89.104.111.223
5	5	1	0	0	28358369	0	0	28358369	0	0	4985	34.97.21.248
5	41	9	0	3	28360548	0	28360547	28360547	0	28360547	434451	51.79.160.196
5	2	2	0	0	28362670	0	0	28361158	0	0	68966	51.77.122.164
5	3	1	0	0	28361281	0	0	28361281	0	0	35673	18.135.96.146
5	1	1	0	0	28360986	0	0	28360986	0	0	34483	34.16.169.26
5	2	1	0	0	28366916	0	0	28366916	0	0	5984	199.45.154.51
5	2	0	0	0	28362227	0	0	28362227	0	0	1131106	34.72.176.129
5	2	1	0	0	28366524	0	0	28360723	0	0	5978	45.90.60.118
5	1	1	0	0	28358459	0	0	28358459	0	0	34481	104.164.195.136
5	2	1	0	0	28360837	0	0	28360837	0	0	5976	35.170.40.121
5	1	0	0	0	28362765	0	0	28362765	0	0	943	152.39.197.199
5	3	3	0	14	28358363	0	28358363	28358362	0	28358363	3127	161.35.155.246
5	1	1	0	0	28362150	0	0	28362150	0	0	5977	45.90.60.114
5	2	0	0	0	28360539	0	0	28360539	0	0	933	205.169.39.99
5	2	2	0	0	28365121	0	0	28364760	0	0	11967	43.135.129.233
5	0	0	0	1	0	0	28363626	0	0	28363626	0	176.53.217.11
5	1	0	0	0	28358375	0	0	28358375	0	0	411	191.102.163.91
5	1	0	0	0	28358383	0	0	28358383	0	0	1287	93.180.204.163
5	26	2	0	0	28363393	0	0	28361331	0	0	2289244	216.251.130.74
5	1	1	0	0	28362025	0	0	28362025	0	0	5981	222.79.103.59
5	14	1	0	0	28360300	0	0	28360300	0	0	1144625	3.129.88.215
5	1	1	0	0	28358375	0	0	28358375	0	0	621	186.179.59.26
5	1	1	0	0	28367522	0	0	28367522	0	0	5983	170.64.153.181
5	1	1	0	0	28366024	0	0	28366024	0	0	5988	18.236.253.67
5	2	2	0	0	28360842	0	0	28360793	0	0	11961	13.82.54.38
5	12	2	0	0	28365162	0	0	28365132	0	0	16883	66.249.65.74
5	1	1	0	0	28361886	0	0	28361886	0	0	34483	103.83.145.160
5	1	1	0	0	28362909	0	0	28362909	0	0	5980	207.230.119.176
5	3	3	0	0	28366205	0	0	28361700	0	0	17949	170.106.171.77
5	1	0	0	0	28362765	0	0	28362765	0	0	193	168.151.196.242
5	1	0	0	0	28359496	0	0	28359496	0	0	0	95.164.156.13
5	11	0	0	0	28365162	0	0	28365132	0	0	6924	66.249.65.64
5	2	2	0	0	28363392	0	0	28360050	0	0	11955	159.203.118.28
5	1	0	0	0	28366524	0	0	28366524	0	0	0	176.53.217.214
5	0	0	1	0	0	28365588	0	0	28365588	0	0	124.225.164.130
5	1	0	1	0	28360781	28363626	0	28360781	28363626	0	0	176.53.220.65
5	1	1	0	0	28358375	0	0	28358375	0	0	0	191.102.174.7
5	1	0	0	0	28359623	0	0	28359623	0	0	595	190.123.209.95
5	1	0	0	0	28362765	0	0	28362765	0	0	466	213.188.72.121
5	1	1	0	0	28359752	0	0	28359752	0	0	5977	107.191.108.176
5	2	2	0	0	28363824	0	0	28363023	0	0	11963	203.160.72.58
5	6	0	0	0	28365131	0	0	28365131	0	0	4946	66.249.73.66
5	2	2	0	0	28360647	0	0	28360198	0	0	68966	95.216.69.111
5	1	1	0	0	28367466	0	0	28367466	0	0	5983	43.157.66.187
5	13	2	0	0	28365160	0	0	28365130	0	0	14252	66.249.73.65
5	1	1	0	0	28362322	0	0	28362322	0	0	34483	103.3.60.47
5	27	2	0	0	28365162	0	0	28365130	0	0	28433	66.249.73.64
5	1	1	0	0	28364933	0	0	28364933	0	0	5986	89.104.100.229
5	2	2	0	0	28363533	0	0	28361222	0	0	68936	181.214.165.130
5	1	0	0	0	28362292	0	0	28362292	0	0	0	45.90.61.158
5	2	0	0	0	28363626	0	0	28363337	0	0	0	89.104.101.96
5	1	0	0	0	28362765	0	0	28362765	0	0	1130640	104.244.83.112
5	1	1	0	0	28360034	0	0	28360034	0	0	34495	76.164.198.173
5	1	0	0	0	28359623	0	0	28359623	0	0	193	170.247.220.128
5	1	1	0	0	28359356	0	0	28359356	0	0	5978	190.123.209.123
5	5	1	0	0	28358363	0	0	28358363	0	0	4985	65.154.226.169
5	0	0	0	12	0	0	28362071	0	0	28362070	0	170.64.189.208
5	1	0	0	0	28362229	0	0	28362229	0	0	466	65.154.226.168
5	1	0	0	1	28360780	0	28363626	28360780	0	28363626	0	176.53.217.166
5	13	1	0	0	28360538	0	0	28360538	0	0	1144624	35.189.27.37
5	26	2	0	0	28365119	0	0	28362228	0	0	2289249	65.154.226.166
5	1	0	0	0	28366523	0	0	28366523	0	0	0	176.53.219.26
5	1	0	0	0	28364431	0	0	28364431	0	0	943	150.129.95.247
5	13	1	0	0	28359036	0	0	28359036	0	0	147569	39.60.186.235
5	0	0	0	1	0	0	28358375	0	0	28358375	0	132.255.133.37
5	2	2	0	0	28362985	0	0	28361601	0	0	11955	88.99.26.177
5	1	1	0	0	28362360	0	0	28362360	0	0	5979	43.159.128.149
5	1	0	0	0	28359852	0	0	28359852	0	0	329	152.39.247.5
5	3	1	0	0	28361281	0	0	28361281	0	0	35673	51.178.81.195
5	0	0	0	1	0	0	28366523	0	0	28366523	0	89.104.111.103
5	2	1	0	0	28361547	0	0	28361547	0	0	0	191.102.174.227
5	5	1	0	0	28358371	0	0	28358371	0	0	4985	34.97.224.94
5	0	0	0	1	0	0	28362292	0	0	28362292	0	176.53.222.97
5	1	1	0	0	28360491	0	0	28360491	0	0	5975	5.189.180.74
5	1	1	0	0	28367958	0	0	28367958	0	0	5984	182.43.70.143
5	1	1	0	0	28358363	0	0	28358363	0	0	0	195.74.76.198
5	5	5	0	0	28366740	0	0	28362793	0	0	29907	89.163.242.42
5	1	1	0	0	28363308	0	0	28363308	0	0	5976	104.250.204.139
5	1	1	0	0	28360440	0	0	28360440	0	0	5978	43.135.181.13
5	0	0	2	5	0	28362488	28362488	0	28362242	28362488	0	209.97.173.53
5	2	0	0	0	28362345	0	0	28362345	0	0	1131583	104.197.69.115
5	1	1	4	8	28366317	28366317	28366317	28366317	28366317	28366317	5984	85.17.64.4
5	0	0	0	1	0	0	28365176	0	0	28365176	0	45.90.63.62
5	1	1	0	0	28358364	0	0	28358364	0	0	621	35.188.14.135
5	1	0	0	0	28364431	0	0	28364431	0	0	466	89.40.81.204
5	2	0	0	0	28362292	0	0	28361384	0	0	0	176.53.218.244
5	1	1	0	0	28361880	0	0	28361880	0	0	5978	43.130.39.101
5	3	2	0	0	28360130	0	0	28360130	0	0	7241	62.210.90.175
5	17	17	0	0	28366978	0	0	28360569	0	0	551518	178.128.108.104
5	1	0	0	0	28365176	0	0	28365176	0	0	0	45.90.61.107
5	1	0	0	1	28358395	0	28358395	28358395	0	28358395	0	44.227.127.2
5	1	1	0	0	28358392	0	0	28358392	0	0	1253	104.165.199.3
5	2	2	0	0	28365853	0	0	28363320	0	0	11964	43.130.37.62
5	1	0	0	0	28362765	0	0	28362765	0	0	973	188.212.141.125
5	1	1	0	0	28361722	0	0	28361722	0	0	34483	46.4.33.48
5	4	1	0	0	28367365	0	0	28367365	0	0	18498	72.13.62.27
5	2	2	0	0	28365336	0	0	28359902	0	0	11965	43.130.7.211
5	1	0	0	0	28359852	0	0	28359852	0	0	696	180.149.15.241
5	3	1	0	0	28359842	0	0	28359841	0	0	35673	31.6.58.91
5	1	1	0	0	28364912	0	0	28364912	0	0	5984	64.225.5.205
5	1	0	0	0	28359852	0	0	28359852	0	0	1040	168.151.197.239
5	0	0	0	1	0	0	28365176	0	0	28365176	0	89.104.100.141
5	1	1	0	0	28359601	0	0	28359601	0	0	34483	51.75.141.254
5	1	0	0	0	28359852	0	0	28359852	0	0	489	119.13.218.252
5	1	1	0	0	28368069	0	0	28368069	0	0	34453	35.199.60.252
5	1	0	0	1	28359800	0	28359800	28359800	0	28359800	24	130.255.166.166
5	1	0	0	0	28365352	0	0	28365352	0	0	1263	182.44.8.254
5	1	1	0	0	28360610	0	0	28360610	0	0	34483	146.190.81.159
5	1	0	0	0	28358361	0	0	28358361	0	0	87	18.222.199.136
5	1	0	0	0	28359356	0	0	28359356	0	0	0	18.215.166.70
5	1	0	0	0	28359623	0	0	28359623	0	0	329	170.247.221.145
5	1	0	0	0	28359852	0	0	28359852	0	0	1018	216.19.199.203
5	1	0	0	0	28363626	0	0	28363626	0	0	0	176.53.218.187
5	0	0	1	1	0	28366523	28360780	0	28366523	28360780	0	89.104.101.234
5	1	1	0	0	28359496	0	0	28359496	0	0	5976	209.127.104.16
5	1	0	0	0	28359852	0	0	28359852	0	0	1263	180.149.15.211
5	3	1	0	0	28360352	0	0	28360352	0	0	35673	31.6.58.62
5	0	0	0	1	0	0	28362801	0	0	28362801	0	185.183.179.13
5	1	0	0	0	28362465	0	0	28362465	0	0	0	54.149.15.153
5	0	0	0	1	0	0	28358375	0	0	28358375	0	3.85.143.175
5	1	1	0	0	28360079	0	0	28360079	0	0	5977	178.254.29.124
5	13	1	0	0	28365109	0	0	28365109	0	0	1144630	34.118.53.36
5	2	2	0	0	28365628	0	0	28364235	0	0	68906	179.43.169.180
5	1	0	0	0	28364431	0	0	28364431	0	0	1018	119.13.209.86
5	1	0	0	0	28359852	0	0	28359852	0	0	973	180.149.9.16
5	3	2	0	0	28361650	0	0	28361649	0	0	7242	51.159.103.13
5	22	2	0	0	28362345	0	0	28362227	0	0	26557	34.123.170.104
5	3	1	0	0	28359601	0	0	28359601	0	0	35673	31.6.58.43
5	0	0	0	1	0	0	28366524	0	0	28366524	0	89.104.101.212
5	2	0	0	0	28365372	0	0	28365372	0	0	10596	182.42.105.85
5	1	0	0	0	28362765	0	0	28362765	0	0	696	94.176.61.243
5	1	0	0	0	28361973	0	0	28361973	0	0	24	52.167.144.65
5	1	1	0	0	28360250	0	0	28360250	0	0	5978	94.247.172.129
5	21	21	0	0	28368373	0	0	28360142	0	0	125602	23.224.89.180
5	1	0	0	0	28359623	0	0	28359623	0	0	973	170.247.220.76
5	1	0	0	0	28364431	0	0	28364431	0	0	489	180.149.30.56
5	1	0	0	0	28366024	0	0	28366024	0	0	0	54.202.52.216
5	13	1	0	0	28358468	0	0	28358468	0	0	1144612	38.132.193.157
5	9	9	0	0	28363380	0	0	28360154	0	0	310347	172.104.60.141
5	1	0	0	0	28359944	0	0	28359944	0	0	0	45.90.63.249
5	1	1	0	0	28365300	0	0	28365300	0	0	34453	34.48.49.153
5	1	0	0	0	28362765	0	0	28362765	0	0	329	168.151.114.230
5	2	0	0	0	28365486	0	0	28365352	0	0	12593	121.229.185.160
5	1	0	0	0	28362033	0	0	28362033	0	0	0	45.90.62.130
5	0	0	0	16	0	0	28362736	0	0	28362736	0	183.181.85.120
5	8	4	0	0	28365289	0	0	28365288	0	0	24564	44.228.242.45
5	1	1	0	0	28358892	0	0	28358892	0	0	5977	111.7.100.27
5	1	0	0	0	28365507	0	0	28365507	0	0	4851	43.133.66.151
5	2	0	0	0	28358366	0	0	28358366	0	0	744	205.169.39.246
5	1	0	0	0	28364431	0	0	28364431	0	0	595	185.131.220.61
5	0	0	0	1	0	0	28365176	0	0	28365176	0	45.90.63.235
5	1	1	0	0	28362466	0	0	28362466	0	0	5978	54.191.30.211
5	0	0	0	1	0	0	28363626	0	0	28363626	0	176.53.218.134
5	1	0	0	0	28359887	0	0	28359887	0	0	0	135.148.195.13
5	1	1	0	0	28364419	0	0	28364419	0	0	34453	197.242.157.235
5	8	2	0	0	28358363	0	0	28358363	0	0	7937	205.169.39.238
5	1	0	0	0	28367536	0	0	28367536	0	0	193	135.148.195.11
5	1	0	0	0	28367536	0	0	28367536	0	0	0	135.148.195.10
5	1	1	0	0	28368148	0	0	28368148	0	0	5983	8.138.110.149
5	13	1	0	0	28359099	0	0	28359099	0	0	1144624	157.119.232.164
5	3	1	0	0	28363220	0	0	28363220	0	0	35673	46.246.122.69
5	1	0	0	0	28359366	0	0	28359366	0	0	193	45.139.65.14
5	1	0	0	1	28364933	0	28362292	28364933	0	28362292	0	176.53.216.33
5	10	2	0	0	28364299	0	0	28364299	0	0	12696	3.16.129.95
5	3	2	0	1	28366468	0	28366468	28366468	0	28366468	14169	91.92.253.104
5	1	0	0	0	28364431	0	0	28364431	0	0	1263	216.194.85.168
5	1	1	0	0	28362509	0	0	28362509	0	0	5983	8.41.221.58
5	3	3	0	0	28364409	0	0	28362999	0	0	0	192.9.179.54
5	2	0	0	0	28360539	0	0	28360539	0	0	1901	205.169.39.217
5	0	0	1	1	0	28362292	28362292	0	28362292	28362292	0	89.104.111.29
5	23	4	0	0	28364402	0	0	28364387	0	0	1191472	159.196.170.237
5	3	1	0	0	28359842	0	0	28359841	0	0	35673	84.247.50.238
5	1	1	0	0	28363825	0	0	28363825	0	0	34453	35.196.87.38
5	0	0	0	1	0	0	28359800	0	0	28359800	0	93.158.98.56
5	13	4	0	6	28362960	0	28362994	28362866	0	28362932	63215	176.9.17.6
5	0	0	0	1	0	0	28360780	0	0	28360780	0	176.53.219.216
5	2	0	0	0	28360539	0	0	28360539	0	0	1754	205.169.39.196
5	1	1	0	0	28361383	0	0	28361383	0	0	5979	89.104.111.20
5	13	1	0	0	28361064	0	0	28361064	0	0	1144623	52.41.8.5
5	1	1	0	0	28365240	0	0	28365240	0	0	5981	43.130.47.136
5	1	0	0	0	28362150	0	0	28362150	0	0	0	89.104.101.134
5	1	0	0	0	28364431	0	0	28364431	0	0	329	206.204.46.34
5	2	0	0	0	28364419	0	0	28364419	0	0	1190	192.42.116.212
5	1	1	0	0	28367746	0	0	28367746	0	0	5984	104.248.13.130
5	2	2	0	0	28365586	0	0	28364894	0	0	68906	64.176.83.6
5	3	1	0	0	28363220	0	0	28363220	0	0	35673	31.6.58.122
5	15	2	0	0	28362231	0	0	28362231	0	0	1150798	205.169.39.179
5	1	0	0	0	28359887	0	0	28359887	0	0	193	135.148.195.6
5	1	0	0	0	28364431	0	0	28364431	0	0	973	205.237.95.27
5	1	1	0	0	28364431	0	0	28364431	0	0	5983	119.12.191.63
5	1	1	0	0	28359887	0	0	28359887	0	0	5977	135.148.195.5
5	20	20	0	0	28368009	0	0	28359996	0	0	119617	38.6.186.190
5	1	0	0	0	28362292	0	0	28362292	0	0	0	176.53.218.81
5	1	1	0	0	28367535	0	0	28367535	0	0	5985	135.148.195.3
5	2	2	0	0	28366392	0	0	28365912	0	0	11971	43.135.149.154
5	1	1	0	0	28363044	0	0	28363044	0	0	5977	51.254.199.11
z	0	142	24	28367536	0
z	2	26	0	28367365	1133
z	3	361	12	28367536	219527
z	4	362	241	28368373	1712874
z	5	171	118	28368069	5703372
z	6	3	0	28360744	565088
z	7	24	0	28367491	27135360
c	200	1089	28368373
c	301	18	28366523
c	302	7	28367680
c	403	15	28364350
c	404	123	28367898
c	500	2	28358401
